Diff,L,D,W
-10,0.65,0.3,0.05
-9,0.61,0.32,0.07
-8,0.57,0.34,0.09
-7,0.53,0.36,0.11
-6,0.49,0.38,0.13
-5,0.45,0.4,0.15
-4,0.41,0.42,0.17
-3,0.37,0.44,0.19
-2,0.33,0.46,0.21
-1,0.29,0.48,0.23
0,0.25,0.5,0.25
1,0.23,0.48,0.29
2,0.21,0.46,0.33
3,0.19,0.44,0.37
4,0.17,0.42,0.41
5,0.15,0.4,0.45
6,0.13,0.38,0.49
7,0.11,0.36,0.53
8,0.09,0.34,0.57
9,0.07,0.32,0.61
10,0.05,0.3,0.65
